conv2d_yolo0_(1, 3, 448, 448, 64, 7, 2, 3, 1, 1)_cuda(2):[[{"spatial": [[1, 1, 1, 1], [1, 3, 1, 1], [2, 227, 1, 1], [2, 1, 227, 1]], "reduce": [], "inline": [], "unroll": [[1500, 0]]}, {"spatial": [[1, 1, 1, 1], [1, 4, 16, 1], [56, 4, 1, 1], [7, 2, 16, 1]], "reduce": [[1, 3, 1], [1, 1, 7], [7, 1, 1]], "inline": [], "unroll": [[1500, 0]]}], {"spatial": [], "reduce": [], "inline": [[1, 0]], "unroll": []}]
conv2d_yolo1_(1, 64, 112, 112, 192, 3, 1, 1, 1, 1)_cuda(2):[[{"spatial": [[1, 1, 1, 1], [2, 1, 8, 4], [2, 57, 1, 1], [19, 1, 3, 2]], "reduce": [], "inline": [], "unroll": [[0, 1]]}, {"spatial": [[1, 1, 1, 1], [3, 1, 16, 4], [16, 7, 1, 1], [7, 2, 4, 2]], "reduce": [[4, 16, 1], [1, 1, 3], [1, 1, 3]], "inline": [], "unroll": [[1, 0]]}], {"spatial": [], "reduce": [], "inline": [[1, 0]], "unroll": []}]
conv2d_yolo2_(1, 192, 56, 56, 128, 1, 1, 0, 1, 1)_cuda(2):[[{"spatial": [[1, 1, 1, 1], [4, 1, 24, 2], [7, 1, 4, 2], [14, 2, 1, 2]], "reduce": [], "inline": [], "unroll": [[512, 1]]}, {"spatial": [[1, 1, 1, 1], [1, 4, 32, 1], [14, 1, 1, 4], [8, 1, 7, 1]], "reduce": [[4, 4, 12], [1, 1, 1], [1, 1, 1]], "inline": [], "unroll": [[0, 0]]}], {"spatial": [], "reduce": [], "inline": [[1, 0]], "unroll": []}]
conv2d_yolo3_(1, 128, 56, 56, 256, 3, 1, 1, 1, 1)_cuda(2):[[{"spatial": [[1, 1, 1, 1], [1, 32, 1, 4], [29, 1, 1, 2], [1, 1, 58, 1]], "reduce": [], "inline": [], "unroll": [[0, 1]]}, {"spatial": [[1, 1, 1, 1], [4, 2, 8, 4], [2, 2, 7, 2], [14, 1, 4, 1]], "reduce": [[16, 8, 1], [1, 3, 1], [1, 1, 3]], "inline": [], "unroll": [[0, 1]]}], {"spatial": [], "reduce": [], "inline": [[0, 0]], "unroll": []}]
conv2d_yolo4_(1, 256, 56, 56, 256, 1, 1, 0, 1, 1)_cuda(1):[[{"spatial": [[1, 1, 1, 1], [16, 1, 16, 1], [14, 2, 1, 2], [1, 4, 7, 2]], "reduce": [], "inline": [], "unroll": [[1500, 0]]}, {"spatial": [[1, 1, 1, 1], [2, 1, 64, 2], [8, 1, 1, 7], [7, 1, 4, 2]], "reduce": [[4, 16, 4], [1, 1, 1], [1, 1, 1]], "inline": [], "unroll": [[0, 1]]}], {"spatial": [], "reduce": [], "inline": [[1, 0]], "unroll": []}]
conv2d_yolo5_(1, 256, 56, 56, 512, 3, 1, 1, 1, 1)_cuda(1):[[{"spatial": [[1, 1, 1, 1], [16, 2, 1, 8], [29, 2, 1, 1], [2, 1, 29, 1]], "reduce": [], "inline": [], "unroll": [[1500, 0]]}, {"spatial": [[1, 1, 1, 1], [16, 1, 4, 8], [1, 2, 28, 1], [7, 1, 2, 4]], "reduce": [[16, 8, 2], [1, 1, 3], [1, 1, 3]], "inline": [], "unroll": [[0, 0]]}], {"spatial": [], "reduce": [], "inline": [[0, 0]], "unroll": []}]
conv2d_yolo6_(1, 512, 28, 28, 256, 1, 1, 0, 1, 1)_cuda(1):[[{"spatial": [[1, 1, 1, 1], [64, 1, 1, 8], [7, 2, 2, 1], [7, 1, 2, 2]], "reduce": [], "inline": [], "unroll": [[0, 0]]}, {"spatial": [[1, 1, 1, 1], [4, 4, 16, 1], [28, 1, 1, 1], [1, 2, 14, 1]], "reduce": [[2, 32, 8], [1, 1, 1], [1, 1, 1]], "inline": [], "unroll": [[0, 1]]}], {"spatial": [], "reduce": [], "inline": [[1, 0]], "unroll": []}]
conv2d_yolo7_(1, 256, 28, 28, 512, 3, 1, 1, 1, 1)_cuda(1):[[{"spatial": [[1, 1, 1, 1], [32, 2, 4, 1], [1, 1, 30, 1], [2, 1, 5, 3]], "reduce": [], "inline": [], "unroll": [[512, 0]]}, {"spatial": [[1, 1, 1, 1], [32, 1, 8, 2], [1, 1, 28, 1], [7, 1, 1, 4]], "reduce": [[8, 16, 2], [1, 1, 3], [1, 1, 3]], "inline": [], "unroll": [[512, 1]]}], {"spatial": [], "reduce": [], "inline": [[0, 0]], "unroll": []}]
conv2d_yolo8_(1, 512, 28, 28, 512, 1, 1, 0, 1, 1)_cuda(1):[[{"spatial": [[1, 1, 1, 1], [16, 4, 8, 1], [1, 14, 2, 1], [2, 2, 7, 1]], "reduce": [], "inline": [], "unroll": [[0, 1]]}, {"spatial": [[1, 1, 1, 1], [8, 2, 16, 2], [7, 2, 2, 1], [2, 1, 14, 1]], "reduce": [[4, 8, 16], [1, 1, 1], [1, 1, 1]], "inline": [], "unroll": [[512, 1]]}], {"spatial": [], "reduce": [], "inline": [[1, 0]], "unroll": []}]
conv2d_yolo9_(1, 512, 28, 28, 1024, 3, 1, 1, 1, 1)_cuda(1):[[{"spatial": [[1, 1, 1, 1], [1, 2, 32, 8], [6, 1, 5, 1], [3, 1, 2, 5]], "reduce": [], "inline": [], "unroll": [[1500, 1]]}, {"spatial": [[1, 1, 1, 1], [16, 2, 32, 1], [1, 2, 7, 2], [7, 1, 1, 4]], "reduce": [[64, 2, 4], [1, 1, 3], [1, 3, 1]], "inline": [], "unroll": [[1500, 0]]}], {"spatial": [], "reduce": [], "inline": [[0, 0]], "unroll": []}]
conv2d_yolo10_(1, 1024, 14, 14, 512, 1, 1, 0, 1, 1)_cuda(1):[[{"spatial": [[1, 1, 1, 1], [64, 2, 8, 1], [2, 1, 1, 7], [1, 2, 7, 1]], "reduce": [], "inline": [], "unroll": [[1500, 0]]}, {"spatial": [[1, 1, 1, 1], [16, 4, 8, 1], [1, 1, 14, 1], [7, 2, 1, 1]], "reduce": [[64, 1, 16], [1, 1, 1], [1, 1, 1]], "inline": [], "unroll": [[0, 0]]}], {"spatial": [], "reduce": [], "inline": [[0, 0]], "unroll": []}]
conv2d_yolo11_(1, 512, 14, 14, 1024, 3, 1, 1, 1, 1)_cuda(1):[[{"spatial": [[1, 1, 1, 1], [8, 16, 2, 2], [1, 1, 8, 2], [4, 1, 2, 2]], "reduce": [], "inline": [], "unroll": [[1, 0]]}, {"spatial": [[1, 1, 1, 1], [8, 1, 64, 2], [7, 1, 1, 2], [1, 1, 14, 1]], "reduce": [[8, 16, 4], [3, 1, 1], [1, 1, 3]], "inline": [], "unroll": [[1500, 0]]}], {"spatial": [], "reduce": [], "inline": [[0, 0]], "unroll": []}]
conv2d_yolo12_(1, 1024, 14, 14, 1024, 3, 1, 1, 1, 1)_cuda(0):[[{"spatial": [[1, 1, 1, 1], [32, 8, 4, 1], [8, 2, 1, 1], [2, 2, 4, 1]], "reduce": [], "inline": [], "unroll": [[0, 0]]}, {"spatial": [[1, 1, 1, 1], [32, 1, 16, 2], [7, 2, 1, 1], [1, 1, 14, 1]], "reduce": [[64, 8, 2], [1, 1, 3], [1, 1, 3]], "inline": [], "unroll": [[0, 0]]}], {"spatial": [], "reduce": [], "inline": [[0, 0]], "unroll": []}]
conv2d_yolo13_(1, 1024, 14, 14, 1024, 3, 2, 1, 1, 1)_cuda(0):[[{"spatial": [[1, 1, 1, 1], [8, 32, 4, 1], [1, 4, 4, 1], [1, 1, 16, 1]], "reduce": [], "inline": [], "unroll": [[0, 1]]}, {"spatial": [[1, 1, 1, 1], [32, 1, 32, 1], [1, 1, 7, 1], [7, 1, 1, 1]], "reduce": [[64, 8, 2], [1, 1, 3], [1, 1, 3]], "inline": [], "unroll": [[512, 0]]}], {"spatial": [], "reduce": [], "inline": [[0, 0]], "unroll": []}]
conv2d_yolo14_(1, 1024, 7, 7, 1024, 3, 1, 1, 1, 1)_cuda(0):[[{"spatial": [[1, 1, 1, 1], [1, 1, 1024, 1], [1, 9, 1, 1], [9, 1, 1, 1]], "reduce": [], "inline": [], "unroll": [[512, 0]]}, {"spatial": [[1, 1, 1, 1], [64, 2, 8, 1], [1, 1, 7, 1], [7, 1, 1, 1]], "reduce": [[1, 512, 2], [1, 3, 1], [1, 3, 1]], "inline": [], "unroll": [[1, 1]]}], {"spatial": [], "reduce": [], "inline": [[0, 0]], "unroll": []}]
