yolo0_(1, 3, 448, 448, 64, 7, 2, 3, 1, 1)_cuda(1):[[{"spatial": [[1, 1, 1, 1], [1, 3, 1, 1], [454, 1, 1, 1], [1, 1, 454, 1]], "reduce": [], "inline": [], "unroll": [[512, 0]]}, {"spatial": [[1, 1, 1, 1], [1, 2, 8, 4], [56, 2, 2, 1], [4, 2, 28, 1]], "reduce": [[3, 1, 1], [1, 7, 1], [1, 7, 1]], "inline": [], "unroll": [[512, 1]]}], {"spatial": [], "reduce": [], "inline": [[1, 0]], "unroll": []}]
yolo1_(1, 64, 112, 112, 192, 3, 1, 1, 1, 1)_cuda(1):[[{"spatial": [[1, 1, 1, 1], [2, 4, 4, 2], [38, 1, 3, 1], [19, 3, 2, 1]], "reduce": [], "inline": [], "unroll": [[1500, 1]]}, {"spatial": [[1, 1, 1, 1], [2, 1, 12, 8], [4, 7, 4, 1], [14, 1, 4, 2]], "reduce": [[8, 8, 1], [1, 3, 1], [1, 1, 3]], "inline": [], "unroll": [[1, 1]]}], {"spatial": [], "reduce": [], "inline": [[1, 0]], "unroll": []}]
yolo2_(1, 192, 56, 56, 128, 1, 1, 0, 1, 1)_cuda(1):[[{"spatial": [[1, 1, 1, 1], [4, 12, 1, 4], [28, 1, 1, 2], [2, 1, 14, 2]], "reduce": [], "inline": [], "unroll": [[1, 0]]}, {"spatial": [[1, 1, 1, 1], [4, 2, 16, 1], [4, 1, 14, 1], [7, 1, 2, 4]], "reduce": [[2, 12, 8], [1, 1, 1], [1, 1, 1]], "inline": [], "unroll": [[1, 1]]}], {"spatial": [], "reduce": [], "inline": [[1, 0]], "unroll": []}]
yolo3_(1, 128, 56, 56, 256, 3, 1, 1, 1, 1)_cuda(1):[[{"spatial": [[1, 1, 1, 1], [16, 2, 1, 4], [1, 1, 2, 29], [1, 2, 29, 1]], "reduce": [], "inline": [], "unroll": [[1, 0]]}, {"spatial": [[1, 1, 1, 1], [8, 8, 1, 4], [7, 1, 2, 4], [2, 1, 28, 1]], "reduce": [[4, 32, 1], [1, 1, 3], [1, 3, 1]], "inline": [], "unroll": [[1500, 1]]}], {"spatial": [], "reduce": [], "inline": [[0, 0]], "unroll": []}]
yolo4_(1, 256, 56, 56, 256, 1, 1, 0, 1, 1)_cuda(1):[[{"spatial": [[1, 1, 1, 1], [4, 2, 2, 16], [14, 4, 1, 1], [7, 1, 8, 1]], "reduce": [], "inline": [], "unroll": [[1, 1]]}, {"spatial": [[1, 1, 1, 1], [8, 4, 8, 1], [4, 1, 1, 14], [8, 1, 7, 1]], "reduce": [[64, 1, 4], [1, 1, 1], [1, 1, 1]], "inline": [], "unroll": [[1500, 1]]}], {"spatial": [], "reduce": [], "inline": [[1, 0]], "unroll": []}]
yolo5_(1, 256, 56, 56, 512, 3, 1, 1, 1, 1)_cuda(1):[[{"spatial": [[1, 1, 1, 1], [32, 4, 1, 2], [29, 1, 1, 2], [2, 1, 29, 1]], "reduce": [], "inline": [], "unroll": [[1500, 0]]}, {"spatial": [[1, 1, 1, 1], [4, 4, 8, 4], [8, 7, 1, 1], [7, 1, 8, 1]], "reduce": [[8, 32, 1], [1, 1, 3], [1, 3, 1]], "inline": [], "unroll": [[512, 0]]}], {"spatial": [], "reduce": [], "inline": [[0, 0]], "unroll": []}]
yolo6_(1, 512, 28, 28, 256, 1, 1, 0, 1, 1)_cuda(1):[[{"spatial": [[1, 1, 1, 1], [32, 2, 2, 4], [7, 1, 1, 4], [2, 1, 14, 1]], "reduce": [], "inline": [], "unroll": [[512, 0]]}, {"spatial": [[1, 1, 1, 1], [16, 8, 2, 1], [4, 1, 7, 1], [7, 1, 2, 2]], "reduce": [[32, 1, 16], [1, 1, 1], [1, 1, 1]], "inline": [], "unroll": [[512, 0]]}], {"spatial": [], "reduce": [], "inline": [[1, 0]], "unroll": []}]
yolo7_(1, 256, 28, 28, 512, 3, 1, 1, 1, 1)_cuda(1):[[{"spatial": [[1, 1, 1, 1], [128, 2, 1, 1], [10, 1, 1, 3], [1, 2, 15, 1]], "reduce": [], "inline": [], "unroll": [[512, 1]]}, {"spatial": [[1, 1, 1, 1], [32, 8, 2, 1], [1, 2, 7, 2], [14, 1, 2, 1]], "reduce": [[256, 1, 1], [3, 1, 1], [1, 1, 3]], "inline": [], "unroll": [[1500, 0]]}], {"spatial": [], "reduce": [], "inline": [[0, 0]], "unroll": []}]
yolo8_(1, 512, 28, 28, 512, 1, 1, 0, 1, 1)_cuda(1):[[{"spatial": [[1, 1, 1, 1], [4, 32, 1, 4], [14, 1, 2, 1], [7, 1, 2, 2]], "reduce": [], "inline": [], "unroll": [[0, 1]]}, {"spatial": [[1, 1, 1, 1], [4, 1, 128, 1], [7, 2, 2, 1], [4, 1, 1, 7]], "reduce": [[2, 128, 2], [1, 1, 1], [1, 1, 1]], "inline": [], "unroll": [[512, 0]]}], {"spatial": [], "reduce": [], "inline": [[1, 0]], "unroll": []}]
yolo9_(1, 512, 28, 28, 1024, 3, 1, 1, 1, 1)_cuda(1):[[{"spatial": [[1, 1, 1, 1], [2, 4, 32, 2], [1, 3, 10, 1], [5, 3, 2, 1]], "reduce": [], "inline": [], "unroll": [[1500, 0]]}, {"spatial": [[1, 1, 1, 1], [32, 8, 2, 2], [1, 1, 28, 1], [14, 2, 1, 1]], "reduce": [[16, 32, 1], [3, 1, 1], [1, 1, 3]], "inline": [], "unroll": [[1, 1]]}], {"spatial": [], "reduce": [], "inline": [[0, 0]], "unroll": []}]
yolo10_(1, 1024, 14, 14, 512, 1, 1, 0, 1, 1)_cuda(1):[[{"spatial": [[1, 1, 1, 1], [8, 1, 64, 2], [1, 7, 2, 1], [7, 2, 1, 1]], "reduce": [], "inline": [], "unroll": [[1500, 0]]}, {"spatial": [[1, 1, 1, 1], [8, 8, 4, 2], [1, 1, 14, 1], [2, 1, 1, 7]], "reduce": [[4, 16, 16], [1, 1, 1], [1, 1, 1]], "inline": [], "unroll": [[1500, 1]]}], {"spatial": [], "reduce": [], "inline": [[1, 0]], "unroll": []}]
yolo11_(1, 512, 14, 14, 1024, 3, 1, 1, 1, 1)_cuda(1):[[{"spatial": [[1, 1, 1, 1], [64, 4, 2, 1], [1, 1, 16, 1], [2, 1, 8, 1]], "reduce": [], "inline": [], "unroll": [[1, 1]]}, {"spatial": [[1, 1, 1, 1], [16, 2, 16, 2], [1, 1, 1, 14], [7, 1, 2, 1]], "reduce": [[32, 8, 2], [1, 1, 3], [1, 3, 1]], "inline": [], "unroll": [[0, 0]]}], {"spatial": [], "reduce": [], "inline": [[0, 0]], "unroll": []}]
yolo12_(1, 1024, 14, 14, 1024, 3, 1, 1, 1, 1)_cuda(1):[[{"spatial": [[1, 1, 1, 1], [64, 1, 16, 1], [4, 1, 4, 1], [2, 2, 4, 1]], "reduce": [], "inline": [], "unroll": [[1500, 0]]}, {"spatial": [[1, 1, 1, 1], [128, 2, 4, 1], [1, 2, 7, 1], [7, 1, 2, 1]], "reduce": [[2, 256, 2], [1, 3, 1], [1, 3, 1]], "inline": [], "unroll": [[1, 1]]}], {"spatial": [], "reduce": [], "inline": [[0, 0]], "unroll": []}]
yolo13_(1, 1024, 14, 14, 1024, 3, 2, 1, 1, 1)_cuda(1):[[{"spatial": [[1, 1, 1, 1], [16, 1, 8, 8], [8, 1, 1, 2], [1, 4, 4, 1]], "reduce": [], "inline": [], "unroll": [[0, 0]]}, {"spatial": [[1, 1, 1, 1], [64, 1, 16, 1], [1, 7, 1, 1], [7, 1, 1, 1]], "reduce": [[64, 16, 1], [1, 3, 1], [1, 1, 3]], "inline": [], "unroll": [[1, 0]]}], {"spatial": [], "reduce": [], "inline": [[1, 0]], "unroll": []}]
yolo14_(1, 1024, 7, 7, 1024, 3, 1, 1, 1, 1)_cuda(2):[[{"spatial": [[1, 1, 1, 1], [64, 1, 8, 2], [1, 1, 9, 1], [1, 1, 9, 1]], "reduce": [], "inline": [], "unroll": [[1500, 1]]}, {"spatial": [[1, 1, 1, 1], [128, 1, 8, 1], [1, 1, 7, 1], [1, 7, 1, 1]], "reduce": [[64, 4, 4], [1, 3, 1], [1, 3, 1]], "inline": [], "unroll": [[1500, 1]]}], {"spatial": [], "reduce": [], "inline": [[1, 0]], "unroll": []}]
