conv2d_yolo0_(1, 3, 448, 448, 64, 7, 2, 3, 1, 1)_cuda(0):[[{"reduce": [], "inline": [], "unroll": [[512, 1]], "spatial": [[1, 1, 1, 1], [1, 3, 1, 1], [227, 1, 1, 2], [1, 2, 227, 1]]}, {"reduce": [[3, 1, 1], [1, 1, 7], [1, 7, 1]], "inline": [], "unroll": [[1, 0]], "spatial": [[1, 1, 1, 1], [1, 8, 8, 1], [112, 1, 2, 1], [7, 4, 4, 2]]}], {"reduce": [], "inline": [[0, 0]], "unroll": [], "spatial": []}]
conv2d_yolo1_(1, 64, 112, 112, 192, 3, 1, 1, 1, 1)_cuda(0):[[{"reduce": [], "inline": [], "unroll": [[1500, 0]], "spatial": [[1, 1, 1, 1], [8, 2, 4, 1], [57, 2, 1, 1], [3, 1, 38, 1]]}, {"reduce": [[4, 8, 2], [1, 3, 1], [1, 3, 1]], "inline": [], "unroll": [[1, 1]], "spatial": [[1, 1, 1, 1], [12, 8, 2, 1], [7, 1, 16, 1], [14, 1, 1, 8]]}], {"reduce": [], "inline": [[0, 0]], "unroll": [], "spatial": []}]
conv2d_yolo2_(1, 192, 56, 56, 128, 1, 1, 0, 1, 1)_cuda(0):[[{"reduce": [], "inline": [], "unroll": [[1500, 1]], "spatial": [[1, 1, 1, 1], [8, 4, 2, 3], [7, 1, 8, 1], [1, 1, 56, 1]]}, {"reduce": [[4, 6, 8], [1, 1, 1], [1, 1, 1]], "inline": [], "unroll": [[1, 0]], "spatial": [[1, 1, 1, 1], [2, 4, 16, 1], [14, 1, 2, 2], [7, 2, 4, 1]]}], {"reduce": [], "inline": [[1, 0]], "unroll": [], "spatial": []}]
conv2d_yolo3_(1, 128, 56, 56, 256, 3, 1, 1, 1, 1)_cuda(0):[[{"reduce": [], "inline": [], "unroll": [[1500, 1]], "spatial": [[1, 1, 1, 1], [8, 1, 2, 8], [29, 2, 1, 1], [1, 2, 29, 1]]}, {"reduce": [[4, 16, 2], [1, 3, 1], [1, 3, 1]], "inline": [], "unroll": [[0, 1]], "spatial": [[1, 1, 1, 1], [8, 4, 8, 1], [2, 7, 4, 1], [14, 1, 2, 2]]}], {"reduce": [], "inline": [[0, 0]], "unroll": [], "spatial": []}]
conv2d_yolo4_(1, 256, 56, 56, 256, 1, 1, 0, 1, 1)_cuda(0):[[{"reduce": [], "inline": [], "unroll": [[1500, 0]], "spatial": [[1, 1, 1, 1], [32, 2, 4, 1], [8, 1, 7, 1], [1, 2, 28, 1]]}, {"reduce": [[1, 64, 4], [1, 1, 1], [1, 1, 1]], "inline": [], "unroll": [[512, 1]], "spatial": [[1, 1, 1, 1], [4, 8, 8, 1], [2, 1, 4, 7], [14, 1, 4, 1]]}], {"reduce": [], "inline": [[1, 0]], "unroll": [], "spatial": []}]
conv2d_yolo5_(1, 256, 56, 56, 512, 3, 1, 1, 1, 1)_cuda(0):[[{"reduce": [], "inline": [], "unroll": [[1500, 0]], "spatial": [[1, 1, 1, 1], [16, 2, 8, 1], [29, 1, 1, 2], [1, 1, 58, 1]]}, {"reduce": [[32, 4, 2], [1, 1, 3], [1, 1, 3]], "inline": [], "unroll": [[0, 0]], "spatial": [[1, 1, 1, 1], [16, 2, 16, 1], [8, 1, 1, 7], [4, 1, 14, 1]]}], {"reduce": [], "inline": [[1, 0]], "unroll": [], "spatial": []}]
conv2d_yolo6_(1, 512, 28, 28, 256, 1, 1, 0, 1, 1)_cuda(0):[[{"reduce": [], "inline": [], "unroll": [[0, 1]], "spatial": [[1, 1, 1, 1], [4, 8, 8, 2], [7, 1, 4, 1], [1, 1, 28, 1]]}, {"reduce": [[1, 32, 16], [1, 1, 1], [1, 1, 1]], "inline": [], "unroll": [[512, 1]], "spatial": [[1, 1, 1, 1], [4, 4, 16, 1], [14, 1, 2, 1], [2, 1, 7, 2]]}], {"reduce": [], "inline": [[1, 0]], "unroll": [], "spatial": []}]
conv2d_yolo7_(1, 256, 28, 28, 512, 3, 1, 1, 1, 1)_cuda(0):[[{"reduce": [], "inline": [], "unroll": [[1, 1]], "spatial": [[1, 1, 1, 1], [8, 2, 2, 8], [3, 5, 2, 1], [1, 1, 30, 1]]}, {"reduce": [[256, 1, 1], [1, 1, 3], [1, 3, 1]], "inline": [], "unroll": [[1500, 0]], "spatial": [[1, 1, 1, 1], [16, 4, 8, 1], [7, 2, 1, 2], [1, 1, 14, 2]]}], {"reduce": [], "inline": [[0, 0]], "unroll": [], "spatial": []}]
conv2d_yolo8_(1, 512, 28, 28, 512, 1, 1, 0, 1, 1)_cuda(0):[[{"reduce": [], "inline": [], "unroll": [[1, 0]], "spatial": [[1, 1, 1, 1], [128, 1, 1, 4], [7, 2, 1, 2], [1, 1, 28, 1]]}, {"reduce": [[32, 1, 16], [1, 1, 1], [1, 1, 1]], "inline": [], "unroll": [[1500, 0]], "spatial": [[1, 1, 1, 1], [8, 4, 16, 1], [7, 1, 4, 1], [1, 7, 4, 1]]}], {"reduce": [], "inline": [[1, 0]], "unroll": [], "spatial": []}]
conv2d_yolo9_(1, 512, 28, 28, 1024, 3, 1, 1, 1, 1)_cuda(0):[[{"reduce": [], "inline": [], "unroll": [[512, 0]], "spatial": [[1, 1, 1, 1], [32, 1, 2, 8], [15, 1, 2, 1], [2, 1, 15, 1]]}, {"reduce": [[1, 128, 4], [1, 1, 3], [1, 1, 3]], "inline": [], "unroll": [[1, 1]], "spatial": [[1, 1, 1, 1], [16, 8, 8, 1], [7, 1, 4, 1], [1, 1, 4, 7]]}], {"reduce": [], "inline": [[0, 0]], "unroll": [], "spatial": []}]
conv2d_yolo10_(1, 1024, 14, 14, 512, 1, 1, 0, 1, 1)_cuda(0):[[{"reduce": [], "inline": [], "unroll": [[1, 0]], "spatial": [[1, 1, 1, 1], [16, 8, 1, 8], [7, 1, 1, 2], [1, 1, 14, 1]]}, {"reduce": [[64, 1, 16], [1, 1, 1], [1, 1, 1]], "inline": [], "unroll": [[0, 1]], "spatial": [[1, 1, 1, 1], [16, 4, 8, 1], [7, 2, 1, 1], [1, 1, 14, 1]]}], {"reduce": [], "inline": [[1, 0]], "unroll": [], "spatial": []}]
conv2d_yolo11_(1, 512, 14, 14, 1024, 3, 1, 1, 1, 1)_cuda(0):[[{"reduce": [], "inline": [], "unroll": [[0, 1]], "spatial": [[1, 1, 1, 1], [64, 8, 1, 1], [4, 1, 4, 1], [1, 2, 8, 1]]}, {"reduce": [[128, 1, 4], [1, 1, 3], [1, 1, 3]], "inline": [], "unroll": [[1500, 0]], "spatial": [[1, 1, 1, 1], [16, 2, 32, 1], [7, 1, 2, 1], [1, 1, 2, 7]]}], {"reduce": [], "inline": [[0, 0]], "unroll": [], "spatial": []}]
conv2d_yolo12_(1, 1024, 14, 14, 1024, 3, 1, 1, 1, 1)_cuda(0):[[{"reduce": [], "inline": [], "unroll": [[1500, 1]], "spatial": [[1, 1, 1, 1], [16, 1, 4, 16], [2, 1, 8, 1], [1, 2, 8, 1]]}, {"reduce": [[4, 64, 4], [1, 1, 3], [1, 3, 1]], "inline": [], "unroll": [[0, 0]], "spatial": [[1, 1, 1, 1], [16, 1, 64, 1], [1, 7, 2, 1], [7, 1, 1, 2]]}], {"reduce": [], "inline": [[0, 0]], "unroll": [], "spatial": []}]
conv2d_yolo13_(1, 1024, 14, 14, 1024, 3, 2, 1, 1, 1)_cuda(0):[[{"reduce": [], "inline": [], "unroll": [[0, 0]], "spatial": [[1, 1, 1, 1], [16, 2, 4, 8], [4, 2, 1, 2], [1, 1, 16, 1]]}, {"reduce": [[32, 16, 2], [1, 3, 1], [1, 3, 1]], "inline": [], "unroll": [[1, 0]], "spatial": [[1, 1, 1, 1], [128, 4, 2, 1], [1, 1, 7, 1], [1, 1, 7, 1]]}], {"reduce": [], "inline": [[0, 0]], "unroll": [], "spatial": []}]
conv2d_yolo14_(1, 1024, 7, 7, 1024, 3, 1, 1, 1, 1)_cuda(0):[[{"reduce": [], "inline": [], "unroll": [[1, 1]], "spatial": [[1, 1, 1, 1], [64, 4, 2, 2], [3, 1, 1, 3], [1, 1, 9, 1]]}, {"reduce": [[16, 8, 8], [1, 3, 1], [1, 1, 3]], "inline": [], "unroll": [[1500, 0]], "spatial": [[1, 1, 1, 1], [64, 1, 16, 1], [1, 1, 1, 7], [1, 1, 7, 1]]}], {"reduce": [], "inline": [[0, 0]], "unroll": [], "spatial": []}]
