conv2d_yolo0_(1, 3, 448, 448, 64, 7, 2, 3, 1, 1)_cuda(0):[[{}, {"spatial": [[1, 1, 1, 1], [2, 2, 16, 1], [16, 7, 1, 2], [14, 1, 16, 1]], "reduce": [[3, 1, 1], [1, 7, 1], [1, 1, 7]], "inline": [], "unroll": [[1, 0]]}], {"spatial": [], "reduce": [], "inline": [[1, 0]], "unroll": []}]
conv2d_yolo1_(1, 64, 112, 112, 192, 3, 1, 1, 1, 1)_cuda(0):[[{}, {"spatial": [[1, 1, 1, 1], [3, 2, 8, 4], [14, 2, 4, 1], [7, 1, 4, 4]], "reduce": [[8, 2, 4], [3, 1, 1], [1, 3, 1]], "inline": [], "unroll": [[1, 1]]}], {"spatial": [], "reduce": [], "inline": [[1, 0]], "unroll": []}]
conv2d_yolo2_(1, 192, 56, 56, 128, 1, 1, 0, 1, 1)_cuda(0):[[{}, {"spatial": [[1, 1, 1, 1], [2, 1, 16, 4], [7, 2, 2, 2], [7, 2, 4, 1]], "reduce": [[3, 32, 2], [1, 1, 1], [1, 1, 1]], "inline": [], "unroll": [[1, 0]]}], {"spatial": [], "reduce": [], "inline": [[1, 0]], "unroll": []}]
conv2d_yolo3_(1, 128, 56, 56, 256, 3, 1, 1, 1, 1)_cuda(0):[[{}, {"spatial": [[1, 1, 1, 1], [4, 1, 16, 4], [7, 1, 1, 8], [7, 1, 8, 1]], "reduce": [[16, 4, 2], [1, 3, 1], [1, 1, 3]], "inline": [], "unroll": [[1, 1]]}], {"spatial": [], "reduce": [], "inline": [[1, 0]], "unroll": []}]
conv2d_yolo4_(1, 256, 56, 56, 256, 1, 1, 0, 1, 1)_cuda(0):[[{}, {"spatial": [[1, 1, 1, 1], [2, 2, 32, 2], [4, 7, 2, 1], [7, 2, 4, 1]], "reduce": [[8, 16, 2], [1, 1, 1], [1, 1, 1]], "inline": [], "unroll": [[1500, 0]]}], {"spatial": [], "reduce": [], "inline": [[1, 0]], "unroll": []}]
conv2d_yolo5_(1, 256, 56, 56, 512, 3, 1, 1, 1, 1)_cuda(0):[[{}, {"spatial": [[1, 1, 1, 1], [8, 2, 32, 1], [7, 1, 8, 1], [2, 28, 1, 1]], "reduce": [[8, 8, 4], [1, 1, 3], [1, 3, 1]], "inline": [], "unroll": [[1500, 1]]}], {"spatial": [], "reduce": [], "inline": [[1, 0]], "unroll": []}]
conv2d_yolo6_(1, 512, 28, 28, 256, 1, 1, 0, 1, 1)_cuda(0):[[{}, {"spatial": [[1, 1, 1, 1], [4, 4, 16, 1], [1, 1, 2, 14], [7, 1, 4, 1]], "reduce": [[1, 128, 4], [1, 1, 1], [1, 1, 1]], "inline": [], "unroll": [[512, 0]]}], {"spatial": [], "reduce": [], "inline": [[1, 0]], "unroll": []}]
conv2d_yolo7_(1, 256, 28, 28, 512, 3, 1, 1, 1, 1)_cuda(0):[[{}, {"spatial": [[1, 1, 1, 1], [8, 1, 32, 2], [7, 1, 2, 2], [1, 1, 4, 7]], "reduce": [[1, 256, 1], [1, 1, 3], [1, 3, 1]], "inline": [], "unroll": [[1500, 0]]}], {"spatial": [], "reduce": [], "inline": [[1, 0]], "unroll": []}]
conv2d_yolo8_(1, 512, 28, 28, 512, 1, 1, 0, 1, 1)_cuda(0):[[{}, {"spatial": [[1, 1, 1, 1], [8, 2, 16, 2], [7, 4, 1, 1], [1, 1, 14, 2]], "reduce": [[128, 2, 2], [1, 1, 1], [1, 1, 1]], "inline": [], "unroll": [[0, 0]]}], {"spatial": [], "reduce": [], "inline": [[1, 0]], "unroll": []}]
conv2d_yolo9_(1, 512, 28, 28, 1024, 3, 1, 1, 1, 1)_cuda(0):[[{}, {"spatial": [[1, 1, 1, 1], [16, 8, 8, 1], [7, 1, 1, 4], [1, 1, 28, 1]], "reduce": [[512, 1, 1], [1, 1, 3], [1, 1, 3]], "inline": [], "unroll": [[0, 1]]}], {"spatial": [], "reduce": [], "inline": [[1, 0]], "unroll": []}]
conv2d_yolo10_(1, 1024, 14, 14, 512, 1, 1, 0, 1, 1)_cuda(0):[[{}, {"spatial": [[1, 1, 1, 1], [8, 1, 16, 4], [1, 7, 2, 1], [2, 1, 7, 1]], "reduce": [[16, 32, 2], [1, 1, 1], [1, 1, 1]], "inline": [], "unroll": [[0, 0]]}], {"spatial": [], "reduce": [], "inline": [[1, 0]], "unroll": []}]
