conv2d_yolo0_(1, 3, 448, 448, 64, 7, 2, 3, 1, 1)_llvm(3):[[{"spatial": [[1, 1, 1, 1], [1, 1, 1, 3], [227, 1, 2, 1], [227, 1, 2, 1]], "reduce": [], "inline": [], "unroll": [[0, 1]]}, {"spatial": [[1, 1, 1, 1], [4, 2, 1, 8], [56, 1, 2, 2], [4, 1, 14, 4]], "reduce": [[3, 1, 1], [1, 7, 1], [1, 7, 1]], "inline": [], "unroll": [[512, 1]]}], {"spatial": [], "reduce": [], "inline": [[0, 0]], "unroll": []}]
conv2d_yolo1_(1, 64, 112, 112, 192, 3, 1, 1, 1, 1)_llvm(3):[[{"spatial": [[1, 1, 1, 1], [16, 1, 1, 4], [3, 38, 1, 1], [3, 2, 19, 1]], "reduce": [], "inline": [], "unroll": [[512, 0]]}, {"spatial": [[1, 1, 1, 1], [2, 3, 16, 2], [7, 4, 2, 2], [7, 1, 2, 8]], "reduce": [[1, 2, 32], [1, 3, 1], [1, 1, 3]], "inline": [], "unroll": [[1500, 0]]}], {"spatial": [], "reduce": [], "inline": [[0, 0]], "unroll": []}]
conv2d_yolo2_(1, 192, 56, 56, 128, 1, 1, 0, 1, 1)_llvm(3):[[{"spatial": [[1, 1, 1, 1], [24, 2, 1, 4], [28, 1, 2, 1], [7, 1, 1, 8]], "reduce": [], "inline": [], "unroll": [[1500, 1]]}, {"spatial": [[1, 1, 1, 1], [4, 1, 32, 1], [28, 2, 1, 1], [2, 1, 2, 14]], "reduce": [[2, 8, 12], [1, 1, 1], [1, 1, 1]], "inline": [], "unroll": [[0, 1]]}], {"spatial": [], "reduce": [], "inline": [[1, 0]], "unroll": []}]
conv2d_yolo3_(1, 128, 56, 56, 256, 3, 1, 1, 1, 1)_llvm(3):[[{"spatial": [[1, 1, 1, 1], [128, 1, 1, 1], [2, 29, 1, 1], [1, 1, 58, 1]], "reduce": [], "inline": [], "unroll": [[1500, 1]]}, {"spatial": [[1, 1, 1, 1], [8, 1, 32, 1], [7, 2, 2, 2], [1, 1, 1, 56]], "reduce": [[16, 4, 2], [1, 1, 3], [1, 3, 1]], "inline": [], "unroll": [[1500, 1]]}], {"spatial": [], "reduce": [], "inline": [[0, 0]], "unroll": []}]
conv2d_yolo4_(1, 256, 56, 56, 256, 1, 1, 0, 1, 1)_llvm(3):[[{"spatial": [[1, 1, 1, 1], [128, 1, 2, 1], [4, 2, 7, 1], [1, 1, 7, 8]], "reduce": [], "inline": [], "unroll": [[1, 1]]}, {"spatial": [[1, 1, 1, 1], [2, 1, 32, 4], [14, 4, 1, 1], [1, 1, 2, 28]], "reduce": [[32, 2, 4], [1, 1, 1], [1, 1, 1]], "inline": [], "unroll": [[1500, 1]]}], {"spatial": [], "reduce": [], "inline": [[0, 0]], "unroll": []}]
conv2d_yolo5_(1, 256, 56, 56, 512, 3, 1, 1, 1, 1)_llvm(3):[[{"spatial": [[1, 1, 1, 1], [4, 32, 2, 1], [29, 1, 1, 2], [1, 1, 1, 58]], "reduce": [], "inline": [], "unroll": [[1500, 1]]}, {"spatial": [[1, 1, 1, 1], [16, 1, 2, 16], [28, 1, 2, 1], [1, 1, 1, 56]], "reduce": [[16, 1, 16], [1, 3, 1], [3, 1, 1]], "inline": [], "unroll": [[512, 1]]}], {"spatial": [], "reduce": [], "inline": [[0, 0]], "unroll": []}]
conv2d_yolo6_(1, 512, 28, 28, 256, 1, 1, 0, 1, 1)_llvm(3):[[{"spatial": [[1, 1, 1, 1], [4, 128, 1, 1], [7, 2, 2, 1], [1, 2, 1, 14]], "reduce": [], "inline": [], "unroll": [[512, 1]]}, {"spatial": [[1, 1, 1, 1], [4, 4, 4, 4], [14, 1, 1, 2], [7, 1, 1, 4]], "reduce": [[16, 16, 2], [1, 1, 1], [1, 1, 1]], "inline": [], "unroll": [[512, 0]]}], {"spatial": [], "reduce": [], "inline": [[0, 0]], "unroll": []}]
conv2d_yolo7_(1, 256, 28, 28, 512, 3, 1, 1, 1, 1)_llvm(0):[[{"spatial": [[1, 1, 1, 1], [256, 1, 1, 1], [2, 15, 1, 1], [3, 2, 5, 1]], "reduce": [], "inline": [], "unroll": [[1500, 0]]}, {"spatial": [[1, 1, 1, 1], [16, 8, 1, 4], [14, 2, 1, 1], [1, 1, 1, 28]], "reduce": [[1, 128, 2], [1, 1, 3], [1, 3, 1]], "inline": [], "unroll": [[0, 1]]}], {"spatial": [], "reduce": [], "inline": [[0, 0]], "unroll": []}]
conv2d_yolo8_(1, 512, 28, 28, 512, 1, 1, 0, 1, 1)_llvm(0):[[{"spatial": [[1, 1, 1, 1], [128, 1, 1, 4], [2, 2, 1, 7], [1, 1, 7, 4]], "reduce": [], "inline": [], "unroll": [[512, 0]]}, {"spatial": [[1, 1, 1, 1], [32, 1, 1, 16], [7, 1, 2, 2], [1, 1, 1, 28]], "reduce": [[16, 16, 2], [1, 1, 1], [1, 1, 1]], "inline": [], "unroll": [[512, 1]]}], {"spatial": [], "reduce": [], "inline": [[1, 0]], "unroll": []}]
conv2d_yolo9_(1, 512, 28, 28, 1024, 3, 1, 1, 1, 1)_llvm(0):[[{"spatial": [[1, 1, 1, 1], [256, 2, 1, 1], [6, 5, 1, 1], [5, 6, 1, 1]], "reduce": [], "inline": [], "unroll": [[1500, 1]]}, {"spatial": [[1, 1, 1, 1], [8, 16, 2, 4], [1, 7, 2, 2], [7, 1, 1, 4]], "reduce": [[32, 4, 4], [3, 1, 1], [1, 3, 1]], "inline": [], "unroll": [[1500, 0]]}], {"spatial": [], "reduce": [], "inline": [[0, 0]], "unroll": []}]
conv2d_yolo10_(1, 1024, 14, 14, 512, 1, 1, 0, 1, 1)_llvm(0):[[{"spatial": [[1, 1, 1, 1], [16, 32, 1, 2], [1, 7, 1, 2], [2, 1, 7, 1]], "reduce": [], "inline": [], "unroll": [[512, 0]]}, {"spatial": [[1, 1, 1, 1], [8, 2, 4, 8], [14, 1, 1, 1], [7, 1, 1, 2]], "reduce": [[4, 256, 1], [1, 1, 1], [1, 1, 1]], "inline": [], "unroll": [[1500, 1]]}], {"spatial": [], "reduce": [], "inline": [[0, 0]], "unroll": []}]
conv2d_yolo11_(1, 512, 14, 14, 1024, 3, 1, 1, 1, 1)_llvm(0):[[{"spatial": [[1, 1, 1, 1], [32, 16, 1, 1], [2, 1, 1, 8], [2, 4, 2, 1]], "reduce": [], "inline": [], "unroll": [[0, 0]]}, {"spatial": [[1, 1, 1, 1], [2, 64, 2, 4], [7, 1, 1, 2], [2, 1, 1, 7]], "reduce": [[16, 1, 32], [1, 3, 1], [1, 1, 3]], "inline": [], "unroll": [[1, 0]]}], {"spatial": [], "reduce": [], "inline": [[0, 0]], "unroll": []}]
conv2d_yolo12_(1, 1024, 14, 14, 1024, 3, 1, 1, 1, 1)_llvm(0):[[{"spatial": [[1, 1, 1, 1], [128, 1, 1, 8], [8, 1, 2, 1], [4, 1, 2, 2]], "reduce": [], "inline": [], "unroll": [[1500, 1]]}, {"spatial": [[1, 1, 1, 1], [8, 32, 1, 4], [7, 1, 2, 1], [2, 7, 1, 1]], "reduce": [[16, 64, 1], [1, 1, 3], [3, 1, 1]], "inline": [], "unroll": [[0, 0]]}], {"spatial": [], "reduce": [], "inline": [[1, 0]], "unroll": []}]
conv2d_yolo13_(1, 1024, 14, 14, 1024, 3, 2, 1, 1, 1)_llvm(0):[[{"spatial": [[1, 1, 1, 1], [64, 1, 2, 8], [2, 1, 8, 1], [1, 1, 16, 1]], "reduce": [], "inline": [], "unroll": [[1500, 0]]}, {"spatial": [[1, 1, 1, 1], [2, 4, 64, 2], [1, 1, 1, 7], [7, 1, 1, 1]], "reduce": [[64, 2, 8], [1, 1, 3], [1, 1, 3]], "inline": [], "unroll": [[1, 0]]}], {"spatial": [], "reduce": [], "inline": [[0, 0]], "unroll": []}]
conv2d_yolo14_(1, 1024, 7, 7, 1024, 3, 1, 1, 1, 1)_llvm(0):[[{"spatial": [[1, 1, 1, 1], [4, 256, 1, 1], [3, 1, 3, 1], [1, 1, 9, 1]], "reduce": [], "inline": [], "unroll": [[1500, 0]]}, {"spatial": [[1, 1, 1, 1], [128, 4, 1, 2], [1, 7, 1, 1], [1, 7, 1, 1]], "reduce": [[2, 128, 4], [1, 3, 1], [3, 1, 1]], "inline": [], "unroll": [[1, 0]]}], {"spatial": [], "reduce": [], "inline": [[1, 0]], "unroll": []}]
